1
1
19
15
15
15
10
0
0
0
0
0
0
0
0
16
1
1
1
14
15
15
10
0
0
0
0
0
0
0
0
0
0
0
0
9
20
1
1
14
0
0
0
0
0
0
0
0
0
0
0
0
0
0
0
0
9
20
1
14
0
0
0
5
4
4
4
4
4
4
4
4
4
6
0
0
0
9
20
14
0
0
0
3
0
0
0
0
0
0
0
0
0
3
0
0
0
0
16
14
0
0
0
3
0
0
0
0
0
0
0
0
0
3
0
0
0
0
9
10
0
0
0
3
0
0
0
0
0
0
0
0
0
3
0
0
0
0
0
0
12
0
0
8
4
4
4
6
0
0
0
0
0
3
0
0
0
0
0
0
14
0
0
0
0
0
0
3
0
0
0
0
0
3
0
0
0
0
0
0
14
0
0
0
0
0
0
3
0
0
0
0
0
3
0
0
0
0
0
0
18
13
12
0
0
0
0
3
0
0
0
0
0
3
0
0
0
0
0
0
1
19
10
0
1
1
0
3
0
0
0
0
0
3
0
0
0
0
0
0
1
14
0
0
0
0
0
3
0
0
0
0
0
3
0
0
0
0
0
0
15
10
0
0
0
0
0
3
0
0
0
0
0
8
4
4
4
4
4
4
0
0
0
0
0
0
0
3
0
0
0
0
0
0
0
0
0
0
0
0
0
0
0
0
0
0
5
7
0
0
0
0
0
0
0
0
0
0
0
0
0
0
0
0
0
5
7
0
0
0
0
0
0
0
0
0
0
0
0
0
4
4
4
4
4
7
0
11
13
13
13
13
13
13
13
13
13
13
13
13
13
13
13
13
13
13
13
17
1
1
1
1
1
1
1
1
1
1
1
1
1
1
1
1
1
1
1
1
1
1
1
1
1
1
1
1
1
1
1
1
